0.0014825797
0.0012026458
0.0012195122
0.0011534025
0.0010303967
0.0012812300
0.0012650221
0.0012135922
0.0010857763
0.0012254902
0.0013431833
0.0013324450
0.0011204482
0.0011191942
0.0010632642
0.0014378145
0.0013689254
0.0008295313
0.0010982976
0.0013236267
-0.1134173500
-0.1232712000
-0.0756097560
-0.0761245670
-0.2272024700
-0.1326073000
-0.0461733080
-0.0509708740
-0.2204126000
-0.0220588240
0.0611148420
-0.0779480350
-0.2268907600
-0.1281477300
-0.1791600200
-0.0539180450
-0.1444216300
-0.3272501000
-0.2202086800
-0.0258107210
0.1460000000
0.0860000000
0.0690000000
0.0590000000
0.0520000000
0.0460000000
0.0420000000
0.0390000000
0.0360000000
0.0340000000



